1 0.149375 0.504500 0.034250 0.075667
1 0.107250 0.509667 0.029500 0.074000
1 0.109625 0.621167 0.036250 0.091000
1 0.082375 0.410500 0.022750 0.051667
4 0.249875 0.600500 0.085250 0.113667
4 0.321000 0.829333 0.116000 0.234667
16 0.153375 0.805167 0.110250 0.213667
16 0.409000 0.640667 0.099000 0.121333
4 0.444250 0.531667 0.071500 0.057333
4 0.281750 0.492333 0.058000 0.060667
4 0.357375 0.496833 0.065750 0.073000
4 0.527250 0.571000 0.071500 0.094000
4 0.532375 0.674833 0.109250 0.092333
4 0.524375 0.479333 0.059250 0.068000
4 0.318125 0.432500 0.039750 0.041000
4 0.478375 0.418167 0.042250 0.036333
4 0.406750 0.409000 0.046500 0.039333
15 0.432875 0.314333 0.044250 0.062000
4 0.118750 0.349833 0.038500 0.021000
4 0.493125 0.364167 0.026250 0.041000
16 0.914250 0.656667 0.100000 0.134667
