4 0.684000 0.716500 0.171500 0.148333
4 0.853375 0.708833 0.139750 0.142333
4 0.714750 0.578000 0.130500 0.077333
15 0.569250 0.558167 0.094500 0.143667
1 0.478375 0.759667 0.046750 0.177333
1 0.172625 0.749833 0.048750 0.142333
1 0.114750 0.752167 0.037500 0.171000
1 0.408500 0.871833 0.050000 0.180333
1 0.261875 0.586167 0.029750 0.075667
1 0.217000 0.603667 0.028500 0.098667
4 0.975625 0.675667 0.047750 0.139333
4 0.820875 0.534667 0.072750 0.051333
15 0.406125 0.492167 0.047750 0.075667
18 0.367000 0.556667 0.035000 0.077333
17 0.563000 0.730167 0.045500 0.057667
4 0.741375 0.499833 0.047750 0.036333
