4 0.363000 0.814333 0.086500 0.189333
4 0.548875 0.848333 0.114750 0.196667
18 0.486375 0.655167 0.035250 0.104333
18 0.793125 0.715667 0.044250 0.083333
18 0.743750 0.663500 0.036500 0.060333
18 0.710750 0.598333 0.036500 0.036667
18 0.922125 0.726333 0.079750 0.101333
18 0.660250 0.546833 0.021500 0.021000
15 0.552750 0.506000 0.041000 0.078667
15 0.506750 0.446667 0.030500 0.033333
4 0.361250 0.645167 0.087500 0.097000
4 0.435125 0.627167 0.044250 0.075667
4 0.501125 0.522667 0.035250 0.039333
4 0.059625 0.726333 0.068250 0.068000
4 0.090875 0.821833 0.067250 0.086333
15 0.447125 0.532500 0.038750 0.065000
17 0.817000 0.862000 0.069500 0.106000
1 0.694375 0.706667 0.035250 0.089333
1 0.609000 0.606667 0.017000 0.068000
