4 0.531125 0.701500 0.118250 0.130333
4 0.393125 0.603667 0.060250 0.083333
4 0.470500 0.570333 0.062500 0.077333
4 0.472750 0.489167 0.053500 0.051667
4 0.340250 0.524833 0.045500 0.053000
4 0.339750 0.465000 0.049000 0.048667
4 0.388500 0.896833 0.133000 0.206333
4 0.458000 0.434000 0.033000 0.028667
15 0.394250 0.415000 0.042000 0.066667
1 0.169750 0.746833 0.029500 0.118333
1 0.127875 0.804500 0.031750 0.109000
1 0.078375 0.706667 0.026250 0.080000
1 0.059125 0.933833 0.060250 0.113667
1 0.183500 0.581667 0.025000 0.076000
1 0.215375 0.546167 0.022750 0.080333
15 0.421000 0.350667 0.032000 0.056000
18 0.221000 0.928667 0.088500 0.115333
4 0.314750 0.393000 0.051000 0.032000
16 0.807375 0.812833 0.115750 0.180333
4 0.903375 0.738500 0.089750 0.141000
17 0.960750 0.915833 0.057000 0.059000
