15 0.390250 0.431000 0.063500 0.150000
16 0.555625 0.678667 0.069250 0.109333
4 0.603875 0.558167 0.072750 0.095667
4 0.705750 0.507500 0.062500 0.075667
4 0.792000 0.575667 0.065000 0.084667
4 0.742000 0.671000 0.085000 0.118000
4 0.657250 0.857333 0.120500 0.206000
4 0.888000 0.624167 0.086500 0.109000
4 0.896000 0.744667 0.136500 0.110667
4 0.894250 0.521667 0.076000 0.083333
4 0.809625 0.505167 0.063750 0.041000
4 0.668125 0.433167 0.048750 0.042333
4 0.711875 0.418000 0.020250 0.039333
4 0.841375 0.441500 0.038750 0.053000
4 0.764125 0.422500 0.038750 0.042333
4 0.830125 0.377833 0.031750 0.031667
15 0.792625 0.327833 0.043250 0.059000
1 0.550500 0.461833 0.029500 0.063667
1 0.489125 0.476333 0.027250 0.068000
1 0.484000 0.415000 0.021500 0.051333
1 0.427250 0.563500 0.026000 0.075667
