1 0.084062 0.577917 0.066875 0.137500
1 0.129375 0.526250 0.053750 0.119167
1 0.232813 0.375417 0.041875 0.145833
17 0.474375 0.695833 0.097500 0.168333
16 0.508750 0.429167 0.090000 0.201667
4 0.718437 0.463333 0.154375 0.245000
16 0.557187 0.219167 0.061875 0.100000
17 0.660937 0.171250 0.044375 0.087500
18 0.415000 0.297500 0.061250 0.116667
4 0.590938 0.145000 0.058125 0.081667
15 0.385000 0.173333 0.096250 0.150000
15 0.547500 0.055417 0.062500 0.089167
16 0.457188 0.059583 0.026875 0.047500
1 0.228750 0.200833 0.027500 0.068333
1 0.190938 0.187917 0.044375 0.075833
1 0.299375 0.120833 0.022500 0.070000
1 0.257812 0.134167 0.028125 0.068333
