1 0.733750 0.679688 0.099167 0.121875
1 0.222500 0.664687 0.076667 0.114375
1 0.285417 0.623125 0.052500 0.106250
1 0.223750 0.576562 0.070833 0.099375
1 0.383333 0.552813 0.056667 0.066875
1 0.255833 0.498750 0.055000 0.053750
1 0.438333 0.484375 0.036667 0.067500
4 0.657500 0.500313 0.146667 0.074375
4 0.909167 0.556562 0.181667 0.080625
4 0.690000 0.453750 0.138333 0.057500
16 0.807917 0.454062 0.072500 0.079375
15 0.413750 0.379688 0.080833 0.065625
18 0.555833 0.434063 0.045000 0.039375
4 0.557917 0.379063 0.052500 0.039375
1 0.237917 0.436250 0.034167 0.047500
4 0.362917 0.321250 0.032500 0.015000
