1 0.441250 0.592083 0.070000 0.124167
17 0.347813 0.367083 0.055625 0.129167
1 0.425938 0.413750 0.058125 0.160833
17 0.216875 0.153333 0.062500 0.065000
17 0.336562 0.148333 0.054375 0.078333
17 0.398750 0.145417 0.046250 0.060833
18 0.889062 0.552083 0.111875 0.144167
4 0.643125 0.119583 0.121250 0.094167
18 0.885000 0.813333 0.103750 0.285000
4 0.288438 0.092083 0.119375 0.039167
4 0.182188 0.097500 0.070625 0.083333
1 0.155625 0.196667 0.037500 0.088333
1 0.935000 0.275417 0.026250 0.079167
1 0.832187 0.181667 0.023125 0.091667
15 0.760625 0.095833 0.077500 0.101667
