4 0.396562 0.713333 0.180625 0.521667
4 0.392500 0.284583 0.108750 0.205833
16 0.293750 0.305833 0.077500 0.170000
18 0.680312 0.601250 0.130625 0.290833
18 0.835313 0.877500 0.105625 0.216667
1 0.665625 0.222917 0.037500 0.109167
1 0.939063 0.725833 0.093125 0.148333
17 0.317812 0.112917 0.055625 0.092500
20 0.486875 0.221667 0.041250 0.061667
1 0.703750 0.237917 0.025000 0.090833
18 0.493750 0.114167 0.061250 0.095000
18 0.357812 0.050000 0.049375 0.081667
4 0.236250 0.110417 0.071250 0.084167
18 0.766875 0.196667 0.062500 0.085000
18 0.907813 0.357083 0.053125 0.109167
18 0.907188 0.245000 0.088125 0.085000
4 0.055938 0.270833 0.095625 0.115000
