4 0.208750 0.600417 0.315000 0.210833
4 0.441563 0.460417 0.156875 0.090833
4 0.609062 0.445417 0.096875 0.094167
4 0.625313 0.370833 0.056875 0.048333
16 0.676875 0.387500 0.037500 0.070000
18 0.736250 0.434583 0.053750 0.087500
19 0.772188 0.342500 0.104375 0.115000
20 0.458125 0.788750 0.136250 0.122500
18 0.851562 0.370000 0.040625 0.068333
17 0.795312 0.479583 0.039375 0.055833
1 0.680312 0.581667 0.044375 0.121667
1 0.736563 0.571250 0.031875 0.094167
17 0.752500 0.720833 0.050000 0.130000
1 0.897188 0.877917 0.070625 0.210833
