17 0.198437 0.547500 0.105625 0.116667
17 0.384688 0.501250 0.106875 0.102500
17 0.377500 0.651250 0.125000 0.124167
17 0.553750 0.702083 0.120000 0.125833
17 0.769687 0.742083 0.168125 0.139167
18 0.084375 0.614167 0.088750 0.150000
4 0.881875 0.462083 0.236250 0.142500
4 0.743750 0.595000 0.386250 0.151667
4 0.246875 0.362500 0.152500 0.065000
4 0.630625 0.350417 0.187500 0.092500
4 0.879375 0.348333 0.203750 0.103333
4 0.676562 0.314167 0.165625 0.068333
4 0.444375 0.828333 0.398750 0.215000
