15 0.376563 0.505000 0.195625 0.261667
16 0.532188 0.348333 0.073125 0.148333
18 0.734062 0.502917 0.121875 0.215833
18 0.795000 0.765833 0.137500 0.310000
18 0.617500 0.209583 0.077500 0.144167
18 0.528125 0.158750 0.087500 0.120833
18 0.974375 0.387083 0.050000 0.104167
18 0.858750 0.153750 0.060000 0.085833
18 0.746875 0.094583 0.050000 0.085833
4 0.294063 0.119583 0.060625 0.094167
4 0.062187 0.428750 0.119375 0.194167
4 0.132188 0.265000 0.101875 0.091667
4 0.034688 0.259167 0.056875 0.096667
