1 0.074063 0.892917 0.068125 0.162500
20 0.273750 0.725833 0.071250 0.185000
18 0.383437 0.655833 0.070625 0.106667
16 0.638437 0.588333 0.089375 0.180000
16 0.564688 0.458333 0.066875 0.086667
17 0.490625 0.500833 0.051250 0.098333
17 0.490312 0.380833 0.034375 0.080000
16 0.598125 0.300417 0.045000 0.074167
18 0.225938 0.512083 0.089375 0.102500
1 0.330000 0.373750 0.036250 0.090833
15 0.524062 0.227083 0.068125 0.105833
4 0.240625 0.400000 0.103750 0.078333
4 0.291875 0.303750 0.082500 0.062500
4 0.341250 0.268750 0.052500 0.065833
4 0.363750 0.207500 0.062500 0.060000
4 0.439063 0.195833 0.048125 0.050000
15 0.537813 0.088333 0.045625 0.038333
18 0.436875 0.140000 0.027500 0.035000
