1 0.155938 0.771667 0.045625 0.131667
1 0.110625 0.821250 0.055000 0.124167
1 0.295625 0.539167 0.038750 0.103333
15 0.392500 0.526250 0.111250 0.162500
17 0.550937 0.452917 0.035625 0.094167
18 0.491250 0.400000 0.050000 0.088333
18 0.525312 0.337917 0.031875 0.057500
19 0.618437 0.333750 0.068125 0.122500
4 0.605938 0.242500 0.029375 0.033333
4 0.543750 0.253750 0.063750 0.029167
18 0.424687 0.300417 0.019375 0.044167
1 0.119688 0.537500 0.045625 0.096667
4 0.464687 0.240833 0.071875 0.040000
15 0.535000 0.217917 0.035000 0.039167
