4 0.348125 0.736250 0.188750 0.272500
15 0.482812 0.484167 0.141875 0.213333
4 0.288438 0.360417 0.094375 0.109167
18 0.669687 0.532500 0.093125 0.186667
15 0.520312 0.227917 0.046875 0.067500
1 0.693438 0.408333 0.031875 0.071667
15 0.473750 0.162917 0.053750 0.070833
4 0.104063 0.469583 0.093125 0.105833
4 0.419063 0.180833 0.033125 0.035000
17 0.050313 0.344167 0.056875 0.050000
18 0.941875 0.522083 0.067500 0.092500
17 0.646875 0.342917 0.052500 0.070833
18 0.733437 0.320833 0.040625 0.096667
18 0.811250 0.348333 0.062500 0.093333
18 0.892813 0.390000 0.058125 0.095000
